1251311355950440452
1251316809183232000
1251313332767899650
1251312021464920069
1251316051037437952
1251314251681202178
1251311251159945225
1251311325197803522
1251311765360726023
1251316855073132555
1251312339954962433
1251314108902719488
1251329813249511427
1251318134788653056
1251319274251132928
1251326020759814144
1251328989064581120
1251320419686195200
1251325103650078723
1251333474725830656
1251332821693665281
1251334444910145537
1251333320258064384
1251365715841441795
1251355640527597569
1251314958798856192
1251318553892065281
1251336121323307011
1251354347151056898
1251349253122863104
1251314486578995200
1251346635147194370
1251539335763177477
1251327813266878471
1251327813266878471
1251327067779731457
1251316205761302529
1251311812307369984
1251415198981709824
1251540606272385028
1251406565518610434
1251395061440483328
1251409992428609538
1251525416181018624
1251516055186481159
1251490085851234304
1251415198981709824
1251540606272385028
1251406565518610434
1251395061440483328
1251574848653889537
1251591024280956928
1251638499637223425
1251609816218300416
1251652495291478016
1251649043463315457
1251652988793270272
1251651931900182533
1251619614703775744
1251650910834487296
1251574848653889537
1251591024280956928
1251638499637223425
1251609816218300416
1251652495291478016
1251649043463315457
1251652988793270272
1251651931900182533
1251619614703775744
1251650910834487296
1251574848653889537
1251591024280956928
1251638499637223425
1251609816218300416
1251652495291478016
1251649043463315457
1251652988793270272
1251651931900182533
1251619614703775744
1251650910834487296
1251681280959209474
1251685419210571776
1251691408160776193
1251681660321452033
1251668877282381824
1251680557789921280
1251672354117218304
1251675438771924992
1251660954422726662
1251658078119845888
1251668877282381824
1251706886195277824
1251936453807857664
1251723433521541121
1251841561899331585
1251775395453698048
1251898970810564611
1251800666957213697
1251720075654033409
1251738944087048192
1251866620349124608
1251784842141822976
1251766550698225664
1251725325051953154
1251899125873823746
1251832774371143680
1251954905713012737
